sync: 28.356518420998327
threading: 32.75497210300091
multiprocessing: 10.332808107999881
